0.77652	0.77855	0.76934	0.78724	0.77495	0.77792	0.77067	0.78061
0.75939	0.76905	0.75759	0.77782	0.76109	0.75451	0.76222	0.76069
0.73428	0.73843	0.73973	0.73465	0.73703	0.73903	0.73632	0.74033
0.70270	0.71711	0.71387	0.71457	0.71837	0.70775	0.71161	0.71506
0.69415	0.69043	0.69433	0.70346	0.70439	0.69902	0.69541	0.69348
0.68108	0.67856	0.69065	0.68734	0.68987	0.69489	0.68321	0.68642
0.67455	0.67124	0.68177	0.70661	0.68838	0.67612	0.68104	0.67950
0.66986	0.67193	0.67580	0.68538	0.68381	0.69772	0.67587	0.68090
0.67787	0.68411	0.68624	0.70447	0.69942	0.70255	0.68926	0.68875
0.68361	0.69084	0.69517	0.69476	0.69520	0.68851	0.69306	0.69443
0.70023	0.69327	0.70667	0.72252	0.71026	0.71387	0.70284	0.70064
0.71243	0.70813	0.71062	0.72283	0.70909	0.71739	0.71085	0.70967
0.71626	0.72124	0.72328	0.74237	0.72345	0.73554	0.72543	0.72133
0.73209	0.73359	0.73898	0.76014	0.73636	0.71924	0.73454	0.73717
0.74575	0.74348	0.74051	0.74684	0.74657	0.76748	0.74774	0.74757
0.75948	0.76464	0.75656	0.77425	0.76958	0.77644	0.76124	0.76791
0.78131	0.78267	0.76872	0.78779	0.77423	0.77151	0.77622	0.77767
0.79130	0.78879	0.78419	0.80602	0.79809	0.79781	0.78878	0.79268
0.80056	0.80549	0.79557	0.80758	0.80411	0.79752	0.80188	0.80542
0.81546	0.80971	0.80585	0.83261	0.81110	0.81058	0.81132	0.81930
0.83006	0.83202	0.81756	0.83707	0.82916	0.83019	0.82464	0.83090
0.84281	0.83619	0.83473	0.84992	0.83983	0.84786	0.83724	0.83838
0.84915	0.83898	0.84835	0.85701	0.85232	0.85319	0.84627	0.84994
0.85377	0.85221	0.84905	0.86101	0.85938	0.84573	0.85409	0.85194
0.85447	0.85742	0.85055	0.86092	0.86052	0.84932	0.85605	0.85269
0.86142	0.86260	0.85826	0.85987	0.86811	0.85907	0.86527	0.85931
0.86499	0.86452	0.86715	0.87827	0.87171	0.86792	0.86716	0.86326
0.86970	0.86287	0.86201	0.85444	0.87184	0.87288	0.86949	0.87134
0.86934	0.87140	0.86265	0.85765	0.88179	0.86764	0.87524	0.86862
0.87284	0.87644	0.87524	0.86938	0.88386	0.86325	0.87555	0.86702
0.87489	0.88295	0.86889	0.86558	0.88366	0.86958	0.87917	0.87386
0.87778	0.88735	0.87233	0.86872	0.88853	0.87086	0.88373	0.88402
0.88398	0.88006	0.87674	0.87257	0.88983	0.87407	0.88047	0.88458
0.88395	0.89238	0.88605	0.86575	0.89154	0.87444	0.88691	0.88132
0.88877	0.88774	0.88516	0.87731	0.89674	0.88081	0.89415	0.89145
0.89647	0.90100	0.89408	0.88676	0.89691	0.89725	0.89046	0.88875
0.89627	0.88744	0.88461	0.87279	0.89810	0.88658	0.89296	0.88788
0.89618	0.89986	0.89725	0.88480	0.90518	0.88448	0.89861	0.89247
0.89808	0.89590	0.89887	0.89876	0.90450	0.88915	0.90153	0.89424
0.90178	0.90520	0.90361	0.89952	0.89949	0.89736	0.90361	0.89824
0.90639	0.89767	0.89331	0.88548	0.90770	0.90189	0.90604	0.89116
0.90462	0.90710	0.89216	0.88795	0.90933	0.89295	0.90188	0.90025
0.90807	0.90862	0.90979	0.89323	0.91545	0.89222	0.90871	0.90726
0.91289	0.91787	0.90579	0.89291	0.91533	0.89923	0.91158	0.90800
0.91653	0.91576	0.90301	0.88156	0.92214	0.91637	0.91390	0.90752
0.91937	0.91179	0.91069	0.90161	0.92153	0.91855	0.91464	0.91382
0.92122	0.91884	0.90888	0.89353	0.92071	0.91834	0.91807	0.90839
0.91929	0.92318	0.90632	0.89985	0.93137	0.91875	0.92462	0.92488
0.92129	0.92374	0.91027	0.90287	0.92676	0.91063	0.92300	0.92000
0.92381	0.91945	0.91684	0.90447	0.93249	0.93378	0.92324	0.92066
0.92312	0.92051	0.91064	0.91228	0.93655	0.91993	0.92561	0.91873
0.92599	0.92738	0.91477	0.90128	0.93622	0.91929	0.92470	0.92431
0.92404	0.91964	0.90820	0.90218	0.93339	0.92293	0.92595	0.91906
0.92411	0.92695	0.91170	0.90070	0.93267	0.91583	0.92635	0.91862
0.92744	0.92112	0.92078	0.89340	0.93964	0.92490	0.92620	0.92295
0.92976	0.93152	0.91099	0.89522	0.93912	0.92423	0.92517	0.91857
0.92794	0.93068	0.92118	0.90392	0.93668	0.91995	0.93037	0.92263
0.92848	0.93091	0.92142	0.90119	0.93145	0.91777	0.93099	0.91806
0.93109	0.93618	0.92270	0.91348	0.94054	0.92461	0.92737	0.92482
0.92925	0.92046	0.92406	0.90974	0.93696	0.92613	0.93048	0.92962
0.93177	0.93509	0.92248	0.89367	0.93911	0.93304	0.93304	0.92387
0.93105	0.92885	0.92771	0.91359	0.93797	0.92144	0.93558	0.92871
0.93601	0.92951	0.92955	0.91625	0.94147	0.93864	0.93684	0.92898
0.93575	0.94122	0.93355	0.90221	0.94165	0.93274	0.93862	0.93729
0.93465	0.93118	0.93477	0.91957	0.94546	0.93943	0.93850	0.93784
0.93869	0.94241	0.93211	0.90646	0.94147	0.93514	0.93677	0.93740
0.94093	0.94072	0.92838	0.91509	0.94098	0.93409	0.94153	0.93469
0.93943	0.94064	0.92975	0.92936	0.94327	0.92896	0.93989	0.93433
0.93823	0.95465	0.93102	0.92003	0.94617	0.94101	0.93898	0.94014
0.94218	0.94927	0.93521	0.92404	0.94496	0.93729	0.94227	0.94280
0.93817	0.94873	0.93157	0.91784	0.94461	0.93373	0.94000	0.93994
0.94156	0.94277	0.92965	0.91602	0.94212	0.94566	0.94061	0.94183
0.94020	0.95172	0.93110	0.92098	0.93696	0.93238	0.93892	0.93741
0.93690	0.94131	0.93460	0.91973	0.94001	0.93508	0.93871	0.93840
0.93997	0.94065	0.93315	0.91687	0.94094	0.94239	0.93889	0.93753
0.94091	0.93648	0.93447	0.91143	0.94132	0.93799	0.93672	0.93185
0.93655	0.94098	0.93358	0.91836	0.93527	0.93092	0.93672	0.92888
0.93729	0.93776	0.92889	0.90201	0.92807	0.93597	0.93715	0.93703
0.93479	0.94429	0.92878	0.92058	0.93723	0.94858	0.93399	0.92575
0.93565	0.94373	0.93298	0.91657	0.93414	0.93372	0.93027	0.93306
0.93631	0.93732	0.92560	0.91901	0.93403	0.94289	0.93497	0.92903
0.93314	0.94568	0.92964	0.90074	0.93427	0.93374	0.93324	0.92812
0.93640	0.93563	0.92835	0.90655	0.93582	0.93269	0.93316	0.92523
0.93669	0.93976	0.93447	0.90159	0.93208	0.93953	0.93530	0.92747
0.93775	0.93773	0.93604	0.91249	0.93308	0.93277	0.93494	0.93231
0.93885	0.93735	0.93299	0.92104	0.93534	0.92893	0.93728	0.92824
0.93908	0.94457	0.93404	0.90189	0.93748	0.92548	0.93622	0.93048
0.93835	0.94287	0.93158	0.88614	0.93668	0.92870	0.93549	0.93234
0.93811	0.93363	0.92380	0.90316	0.93437	0.93433	0.93425	0.92761
0.93848	0.93474	0.92993	0.90954	0.93481	0.92222	0.93532	0.92925
0.93959	0.93860	0.93100	0.90689	0.93491	0.93006	0.93714	0.92345
0.93065	0.93453	0.92309	0.91727	0.92876	0.93694	0.93420	0.93465
0.93406	0.92958	0.92810	0.89096	0.93189	0.93108	0.92915	0.92437
0.93816	0.93899	0.92575	0.91929	0.93051	0.93183	0.93062	0.92304
0.93334	0.93277	0.92537	0.91538	0.92784	0.93068	0.93139	0.92673
0.92909	0.93180	0.91115	0.89134	0.92508	0.93453	0.92789	0.91961
0.93202	0.93685	0.92190	0.88611	0.93139	0.93441	0.92707	0.92114
0.93301	0.92878	0.92150	0.91292	0.93021	0.92265	0.92936	0.91971
0.93112	0.92952	0.92406	0.91117	0.92693	0.92973	0.93123	0.92069
0.93923	0.93655	0.93029	0.91343	0.92824	0.93478	0.93134	0.92318
0.93348	0.93138	0.92689	0.89129	0.93286	0.93295	0.93314	0.92780
0.93813	0.93543	0.92745	0.90338	0.93562	0.94067	0.93385	0.93223
0.93618	0.93274	0.93083	0.89221	0.93694	0.92663	0.93533	0.93039
0.93870	0.93458	0.93295	0.89608	0.93236	0.93061	0.93611	0.92516
0.93877	0.94459	0.93420	0.90877	0.93250	0.93245	0.93566	0.92414
0.94125	0.94107	0.92936	0.89560	0.93743	0.93210	0.93741	0.93650
0.93965	0.93530	0.92746	0.92597	0.93245	0.93189	0.94044	0.93673
0.94321	0.94153	0.93251	0.91639	0.94261	0.94650	0.93984	0.93006
0.94701	0.95147	0.93637	0.91699	0.94062	0.93059	0.93934	0.93896
0.94656	0.94265	0.94186	0.90106	0.93689	0.93486	0.93926	0.93623
0.94729	0.94141	0.93697	0.90760	0.93732	0.94296	0.94149	0.93524
0.94571	0.94546	0.94464	0.92243	0.93384	0.93769	0.94339	0.93472
0.94709	0.94944	0.93574	0.91880	0.93772	0.93351	0.94297	0.93801
0.94836	0.93883	0.94671	0.91617	0.93842	0.94512	0.94466	0.93915
0.94796	0.95425	0.93927	0.91975	0.93616	0.94197	0.94135	0.94028
0.94619	0.94820	0.94018	0.92641	0.94131	0.94378	0.94533	0.94339
0.94883	0.93759	0.94334	0.92484	0.93891	0.94355	0.94491	0.93449
0.95033	0.95359	0.94029	0.91397	0.94265	0.94369	0.94512	0.93912
0.94673	0.94978	0.93975	0.91846	0.93952	0.95465	0.94499	0.94032
0.94982	0.95190	0.93891	0.93302	0.93796	0.94415	0.94570	0.94121
0.94575	0.94877	0.94050	0.92660	0.94239	0.94692	0.94590	0.94518
0.95210	0.94905	0.94540	0.94363	0.94051	0.94450	0.94775	0.94007
0.95584	0.95129	0.93599	0.92865	0.94288	0.94511	0.94782	0.94775
0.95176	0.94843	0.94399	0.92410	0.94454	0.94757	0.94701	0.94238
0.95025	0.95190	0.94327	0.93655	0.94354	0.94970	0.94900	0.94517
0.95387	0.95795	0.94624	0.91543	0.94698	0.94621	0.94574	0.94779
0.94872	0.95531	0.94372	0.93254	0.94637	0.95447	0.94905	0.94361
0.95029	0.94792	0.94469	0.92361	0.94568	0.93571	0.94867	0.94707
0.95211	0.95280	0.94487	0.92101	0.94323	0.95397	0.94753	0.93985
0.94923	0.95090	0.93965	0.93047	0.94576	0.95461	0.94711	0.94572
0.95043	0.94096	0.94042	0.91856	0.94414	0.93946	0.94833	0.94579
0.95119	0.95625	0.94277	0.91703	0.94131	0.94240	0.94614	0.94405
0.94949	0.94952	0.93916	0.93213	0.94595	0.94637	0.94701	0.94593
0.95155	0.94545	0.93950	0.92234	0.94369	0.94432	0.94609	0.94410
0.94945	0.95466	0.93704	0.92129	0.94387	0.94341	0.94608	0.94152
0.95121	0.95537	0.93538	0.91593	0.94056	0.94902	0.94411	0.93773
0.94990	0.95120	0.93945	0.90912	0.94181	0.94509	0.94644	0.94059
0.94927	0.95493	0.94466	0.92253	0.94306	0.94680	0.94451	0.93999
0.95097	0.94379	0.93666	0.91935	0.94513	0.94497	0.94780	0.94743
0.95427	0.94797	0.94024	0.91445	0.94662	0.94374	0.94985	0.94252
0.95407	0.95309	0.94292	0.92595	0.94415	0.95586	0.95025	0.95096
0.95519	0.95756	0.94231	0.93629	0.94975	0.94989	0.95270	0.94887
0.95515	0.95493	0.94401	0.93740	0.95005	0.95673	0.95437	0.95130
0.95589	0.95723	0.94612	0.93245	0.95454	0.95699	0.95678	0.95262
0.95799	0.96168	0.95456	0.94114	0.95740	0.95667	0.95283	0.95807
0.96222	0.96018	0.95275	0.93619	0.95229	0.95771	0.95689	0.95697
0.96181	0.96439	0.94820	0.94641	0.95497	0.95645	0.95729	0.95751
0.96079	0.96854	0.95305	0.94053	0.95324	0.96545	0.95578	0.95655
0.96177	0.96171	0.95685	0.94415	0.95714	0.96425	0.95679	0.96161
0.96131	0.97265	0.95146	0.94363	0.95244	0.96849	0.95932	0.95989
0.96099	0.96643	0.95495	0.93994	0.95602	0.96093	0.95759	0.96141
0.96244	0.97157	0.95511	0.95337	0.95558	0.96525	0.95986	0.96094
0.96305	0.97254	0.96001	0.92918	0.95710	0.96470	0.95796	0.96353
0.96067	0.96984	0.95312	0.93380	0.95505	0.96022	0.95854	0.96082
0.96228	0.96389	0.95499	0.94099	0.95500	0.95540	0.95589	0.96046
0.96382	0.96416	0.96221	0.93937	0.95332	0.95152	0.95793	0.96511
0.96185	0.97274	0.96318	0.94567	0.95359	0.95116	0.95932	0.95795
0.96165	0.96603	0.95343	0.94036	0.95741	0.96229	0.95843	0.95752
0.96061	0.96186	0.94975	0.93859	0.95532	0.96597	0.95886	0.96744
0.95994	0.96170	0.95754	0.94059	0.95426	0.95282	0.95667	0.96508
0.96325	0.96717	0.95255	0.94617	0.96044	0.95873	0.96016	0.95944
0.96112	0.97357	0.95677	0.94070	0.95870	0.95360	0.95886	0.96048
0.95899	0.96798	0.95748	0.94892	0.95519	0.95415	0.95733	0.96117
0.95773	0.96468	0.95341	0.93954	0.95511	0.95316	0.95671	0.95323
0.95632	0.95974	0.95403	0.93646	0.94827	0.95482	0.95549	0.95368
0.95913	0.95844	0.95565	0.92686	0.94897	0.94247	0.95357	0.94865
0.95512	0.96008	0.95437	0.94661	0.94584	0.94864	0.95257	0.95115
0.95534	0.96405	0.95647	0.93648	0.94861	0.94110	0.95132	0.95043
0.95395	0.96153	0.96112	0.93630	0.94613	0.94224	0.95436	0.95278
0.95426	0.96399	0.95665	0.92935	0.95018	0.94209	0.95341	0.95513
0.95551	0.95779	0.95504	0.94072	0.94995	0.93480	0.95447	0.95743
0.95380	0.96678	0.94295	0.94857	0.95159	0.94595	0.95223	0.95124
0.95506	0.96167	0.95100	0.93552	0.95014	0.94780	0.95307	0.94902
0.95285	0.96406	0.95129	0.93526	0.95389	0.94860	0.95044	0.95112
0.95373	0.95838	0.94848	0.92836	0.94636	0.93973	0.95325	0.95129
0.95625	0.96373	0.94624	0.93615	0.95049	0.94413	0.95192	0.95466
0.95492	0.96355	0.94479	0.92703	0.95226	0.94474	0.95416	0.95014
0.95752	0.95686	0.94824	0.93754	0.94846	0.94115	0.95269	0.95277
0.95364	0.96195	0.95074	0.95250	0.94835	0.95137	0.95279	0.95492
0.95636	0.96660	0.94532	0.93827	0.94502	0.94071	0.95126	0.94824
0.95401	0.96545	0.94751	0.94832	0.95053	0.94526	0.95323	0.95245
0.95321	0.96734	0.94575	0.94578	0.94917	0.94383	0.95126	0.95356
0.95399	0.95979	0.95463	0.93896	0.94739	0.94308	0.95045	0.95223
0.96018	0.96368	0.94554	0.93409	0.94556	0.94579	0.95358	0.94926
0.95606	0.95926	0.94911	0.95217	0.94921	0.94635	0.95585	0.95412
0.95372	0.96294	0.95421	0.94832	0.94321	0.94937	0.95155	0.95056
0.95551	0.96016	0.95743	0.94493	0.95019	0.94643	0.95197	0.94805
0.95336	0.96525	0.95385	0.94221	0.95067	0.95589	0.95343	0.95242
0.95362	0.95990	0.94941	0.95073	0.95329	0.93994	0.95375	0.95687
0.95753	0.96197	0.95788	0.93907	0.95175	0.94517	0.95327	0.95584
0.95401	0.96098	0.95299	0.94415	0.95222	0.95124	0.95444	0.95644
0.95293	0.96885	0.95047	0.95410	0.95134	0.94110	0.95365	0.95633
0.95660	0.96453	0.95324	0.94789	0.95173	0.93698	0.95415	0.95409
0.95768	0.96376	0.95427	0.95219	0.95012	0.92656	0.95336	0.95406
0.95692	0.97533	0.95611	0.94259	0.94514	0.93255	0.95453	0.95664
0.95656	0.96867	0.95550	0.93605	0.94821	0.92840	0.95582	0.95253
0.95846	0.96380	0.95835	0.94133	0.95087	0.93770	0.95557	0.95432
0.95952	0.96757	0.96066	0.95595	0.94511	0.92824	0.95589	0.95423
0.95719	0.96698	0.96271	0.95620	0.95118	0.92833	0.95498	0.95179
0.96143	0.96924	0.96485	0.96303	0.94786	0.92895	0.95637	0.95198
0.95804	0.96264	0.96644	0.95315	0.94800	0.93527	0.95747	0.95455
0.95707	0.96461	0.96594	0.95341	0.95253	0.92437	0.95733	0.95402
0.95958	0.97067	0.96274	0.95594	0.95397	0.92708	0.95556	0.95665
0.95773	0.97183	0.96457	0.95328	0.95050	0.93551	0.95661	0.95874
0.96149	0.97219	0.96665	0.96226	0.95014	0.94202	0.95716	0.95612
0.96057	0.97014	0.96382	0.96758	0.95105	0.93511	0.95763	0.95849
0.95932	0.97608	0.96135	0.94544	0.94920	0.93829	0.95914	0.95201
0.95958	0.97337	0.96180	0.95294	0.95034	0.92668	0.95817	0.96208
0.96026	0.97152	0.96358	0.96538	0.96020	0.93209	0.95929	0.95904
0.96032	0.96877	0.96498	0.95579	0.95664	0.94034	0.96105	0.95781
0.95879	0.97184	0.96615	0.95923	0.95648	0.94325	0.96076	0.96313
0.96359	0.97285	0.96615	0.96138	0.95686	0.94137	0.96192	0.96288
0.96289	0.96777	0.96806	0.95944	0.95898	0.92401	0.96313	0.96003
0.96347	0.96927	0.96644	0.96387	0.96045	0.93373	0.96201	0.96058
0.96116	0.96913	0.95931	0.95735	0.96529	0.94332	0.96343	0.96432
0.96115	0.97649	0.97446	0.96212	0.96277	0.94034	0.96561	0.96085
0.96417	0.97316	0.96961	0.96078	0.96554	0.95312	0.96316	0.96318
0.96638	0.97634	0.96748	0.97264	0.96453	0.95080	0.96670	0.96680
0.96757	0.97642	0.96906	0.95951	0.96710	0.94583	0.96677	0.96739
0.96794	0.97454	0.97315	0.97558	0.96933	0.94279	0.96835	0.97068
0.97119	0.97270	0.96829	0.98264	0.97150	0.95779	0.96971	0.96773
0.97243	0.97456	0.97180	0.97544	0.97476	0.95969	0.97540	0.96712
0.97327	0.98002	0.97292	0.97197	0.97409	0.95582	0.97380	0.96852
0.97556	0.97583	0.97433	0.97412	0.97594	0.96048	0.97624	0.97172
0.97559	0.97539	0.97271	0.97504	0.97814	0.96629	0.97674	0.97742
0.97737	0.97157	0.97255	0.98438	0.98125	0.97262	0.97924	0.97506
0.97739	0.97672	0.97327	0.97358	0.97959	0.96474	0.97792	0.97355
0.97771	0.97790	0.97343	0.97796	0.98055	0.96887	0.97732	0.97061
0.97839	0.97837	0.97535	0.97897	0.97983	0.97267	0.97711	0.97515
0.97731	0.98181	0.97537	0.97934	0.98207	0.96613	0.97908	0.97620
0.97716	0.97938	0.97338	0.98019	0.97799	0.96612	0.97743	0.97684
0.97775	0.98242	0.97321	0.98453	0.97891	0.96389	0.97882	0.97573
0.98018	0.98110	0.97022	0.97352	0.97934	0.96577	0.97675	0.97287
0.97639	0.98308	0.97249	0.97898	0.97724	0.96880	0.97754	0.97386
0.97835	0.97883	0.97396	0.99079	0.97571	0.95613	0.97727	0.97566
0.97884	0.97787	0.97578	0.97968	0.97500	0.96266	0.97757	0.97540
0.97992	0.98007	0.97527	0.97754	0.97487	0.95736	0.97867	0.97373
0.97580	0.98007	0.97495	0.98174	0.97510	0.95079	0.97709	0.97356
0.97873	0.98454	0.97453	0.98311	0.97570	0.95367	0.97709	0.97590
0.97768	0.97661	0.97371	0.98418	0.97977	0.95939	0.97776	0.97277
0.97945	0.97907	0.97171	0.98552	0.97886	0.95687	0.97881	0.97512
0.97659	0.98076	0.97405	0.98150	0.97501	0.95873	0.97672	0.97378
0.97884	0.98508	0.97051	0.97723	0.97739	0.95693	0.97752	0.97587
0.97851	0.98244	0.97119	0.98177	0.97939	0.96810	0.97775	0.97601
0.98102	0.98142	0.97403	0.98478	0.97571	0.96145	0.97895	0.97414
0.97671	0.97726	0.97527	0.98070	0.97654	0.95869	0.97700	0.97352
0.98016	0.98094	0.97206	0.98502	0.97589	0.96327	0.97684	0.97055
0.97909	0.97958	0.97930	0.98125	0.97513	0.95133	0.97694	0.97432
0.97977	0.98558	0.97515	0.98517	0.97946	0.95608	0.97980	0.97405
0.97987	0.98287	0.97547	0.98281	0.97786	0.95720	0.97788	0.97385
0.98030	0.98310	0.97096	0.97694	0.97564	0.95954	0.97758	0.97350
0.98068	0.98025	0.97319	0.98471	0.97675	0.95874	0.97812	0.97662
0.97966	0.98336	0.97226	0.97956	0.97588	0.96339	0.97794	0.97385
0.97910	0.97378	0.97200	0.98142	0.97430	0.95948	0.97597	0.97464
0.97857	0.98262	0.97125	0.97992	0.97507	0.97044	0.97663	0.97176
0.97916	0.98461	0.97404	0.97843	0.97660	0.95885	0.97588	0.97344
0.97970	0.98006	0.97561	0.97151	0.97754	0.96072	0.97712	0.97331
0.97851	0.97874	0.97236	0.97900	0.97560	0.96622	0.97810	0.97305
0.97974	0.98024	0.97198	0.97169	0.97639	0.96241	0.97636	0.97085
0.97844	0.97566	0.97012	0.98280	0.97924	0.96369	0.97647	0.97041
0.97935	0.97936	0.97448	0.97408	0.97372	0.96102	0.97596	0.97291
0.97842	0.98307	0.97253	0.96708	0.97611	0.96967	0.97629	0.97759
0.97908	0.98094	0.97077	0.98187	0.97560	0.95786	0.97784	0.97157
0.98062	0.97612	0.97209	0.98572	0.97575	0.96569	0.97629	0.97608
0.97990	0.98285	0.97339	0.97461	0.97716	0.96492	0.97650	0.97513
0.98115	0.97791	0.97180	0.97016	0.97674	0.95715	0.97820	0.97237
0.97889	0.98283	0.97379	0.97218	0.97866	0.95818	0.97726	0.97567
0.97871	0.98037	0.97603	0.96821	0.97917	0.96122	0.97912	0.97449
0.98010	0.98386	0.97326	0.98477	0.97865	0.96338	0.97950	0.97616
0.98016	0.97789	0.97375	0.98497	0.97669	0.96260	0.97793	0.97345
0.97883	0.98231	0.97494	0.97998	0.98187	0.96245	0.98067	0.97387
0.98031	0.97942	0.97437	0.97625	0.98349	0.96073	0.97977	0.97660
0.97882	0.98032	0.97476	0.97746	0.98175	0.95946	0.97863	0.97548
0.98055	0.98015	0.97487	0.97475	0.98679	0.95733	0.97970	0.97525
0.97902	0.98126	0.97314	0.97103	0.98157	0.96729	0.97867	0.97586
0.97955	0.98439	0.97524	0.97569	0.98499	0.96365	0.98053	0.97516
0.97962	0.98429	0.97354	0.96444	0.98424	0.96725	0.97977	0.97582
0.97768	0.97795	0.97572	0.97212	0.98378	0.96227	0.98148	0.97718
0.97679	0.98223	0.97292	0.97267	0.98340	0.96725	0.97916	0.97537
0.97832	0.98045	0.97428	0.97040	0.98306	0.96481	0.97941	0.97380
0.97905	0.98135	0.97663	0.97307	0.98448	0.96399	0.98003	0.97554
0.98018	0.98395	0.97877	0.96794	0.98588	0.97679	0.98008	0.97983
0.98008	0.98287	0.97848	0.96775	0.98408	0.97277	0.97973	0.97962
0.98244	0.98519	0.97672	0.96995	0.98454	0.97524	0.98242	0.97685
0.97841	0.98603	0.97676	0.96819	0.98632	0.97323	0.98275	0.97668
0.98076	0.98007	0.97752	0.96068	0.98634	0.97783	0.98277	0.97671
0.98160	0.98541	0.97638	0.95985	0.98641	0.97561	0.98221	0.97667
0.98168	0.98299	0.97646	0.96610	0.98595	0.97782	0.98323	0.97770
0.98175	0.98278	0.97572	0.95175	0.98678	0.97424	0.98214	0.97884
0.98316	0.98181	0.97838	0.97167	0.98710	0.97736	0.98121	0.97657
0.98315	0.98283	0.97301	0.96476	0.98646	0.97089	0.98220	0.97674
0.98195	0.98239	0.97411	0.96265	0.98500	0.97059	0.98209	0.97615
0.98072	0.98395	0.97262	0.96720	0.98855	0.97701	0.98497	0.97884
0.98172	0.98252	0.97557	0.95941	0.98806	0.97886	0.98212	0.97227
0.98058	0.98403	0.97508	0.95964	0.98706	0.97542	0.98246	0.97290
0.97911	0.97998	0.97148	0.96039	0.98485	0.97398	0.98178	0.97774
0.98147	0.98271	0.97098	0.96924	0.98349	0.97177	0.97981	0.97697
0.97977	0.97800	0.96917	0.96486	0.98243	0.97304	0.97971	0.97545
0.98113	0.97706	0.96618	0.95847	0.98255	0.97263	0.97837	0.97433
0.97878	0.97993	0.96570	0.95403	0.98227	0.97490	0.97833	0.97203
0.97654	0.97965	0.96598	0.97089	0.98260	0.97953	0.97786	0.97352
0.97984	0.97624	0.96213	0.96283	0.98383	0.97592	0.97637	0.97397
0.97705	0.97403	0.96365	0.96087	0.98339	0.96825	0.97683	0.96953
0.97878	0.97508	0.96615	0.96925	0.98039	0.97992	0.97510	0.97197
0.97802	0.97757	0.96828	0.96712	0.97689	0.97097	0.97671	0.97204
0.97535	0.97559	0.96706	0.96453	0.97711	0.97268	0.97709	0.96825
0.97610	0.97418	0.97546	0.95526	0.97732	0.96594	0.97593	0.97577
0.97793	0.97367	0.97540	0.96225	0.97715	0.96647	0.97584	0.97172
0.97655	0.97310	0.97073	0.95584	0.97686	0.97472	0.97422	0.96919
0.97519	0.97543	0.97035	0.97386	0.97704	0.97145	0.97612	0.97113
0.97539	0.97193	0.97326	0.96350	0.97462	0.96569	0.97465	0.97202
0.97193	0.97385	0.97044	0.96591	0.97568	0.96915	0.97419	0.97154
0.97616	0.97766	0.97313	0.96535	0.97678	0.96291	0.97611	0.97365
0.97603	0.97269	0.97561	0.96283	0.97795	0.97027	0.97513	0.97314
0.97351	0.97535	0.97665	0.95818	0.97639	0.96639	0.97424	0.96874
0.97495	0.97269	0.97348	0.96423	0.97821	0.96301	0.97465	0.97119
0.97529	0.97254	0.97317	0.95725	0.97450	0.97105	0.97567	0.96991
0.97371	0.97357	0.97320	0.95876	0.97568	0.96860	0.97381	0.97112
0.97450	0.97865	0.97752	0.96040	0.97504	0.96909	0.97285	0.96597
0.97281	0.97444	0.97297	0.96928	0.97366	0.96491	0.97412	0.96984
0.97168	0.97647	0.97288	0.96094	0.97154	0.96516	0.97222	0.96675
0.97244	0.97264	0.96766	0.97027	0.97323	0.96274	0.97232	0.96710
0.97247	0.97255	0.96742	0.96500	0.97295	0.96145	0.97080	0.97107
0.97010	0.97784	0.96710	0.95388	0.97107	0.96855	0.96993	0.96710
0.96871	0.97382	0.96853	0.95707	0.97264	0.96819	0.96943	0.96952
0.97136	0.97290	0.96850	0.95221	0.97393	0.97109	0.96980	0.96769
0.96733	0.97075	0.96866	0.95670	0.97021	0.96678	0.96904	0.96699
0.96877	0.97440	0.96576	0.94835	0.96827	0.96191	0.97026	0.96618
0.96695	0.97394	0.97029	0.95142	0.96869	0.96267	0.96778	0.96808
0.96471	0.96925	0.96990	0.96650	0.97257	0.96721	0.96850	0.96466
0.96743	0.97322	0.96741	0.94974	0.96849	0.96225	0.96779	0.96880
0.96684	0.96926	0.97179	0.96293	0.97153	0.96428	0.96861	0.96751
0.96526	0.97082	0.96623	0.95340	0.97336	0.96271	0.96930	0.96694
0.96792	0.97465	0.96653	0.95543	0.97268	0.96246	0.96882	0.96841
0.96710	0.97104	0.96858	0.95304	0.97069	0.96860	0.96827	0.96674
0.96724	0.97606	0.96665	0.95332	0.96902	0.96390	0.96848	0.96855
0.96764	0.97700	0.97132	0.95310	0.97102	0.97331	0.96664	0.96808
0.96693	0.97097	0.96902	0.96583	0.97034	0.96201	0.96776	0.96529
0.96689	0.97066	0.96657	0.95118	0.96887	0.96895	0.96986	0.96831
0.96772	0.97045	0.96922	0.95269	0.96958	0.96510	0.96780	0.96673
0.96788	0.97018	0.96978	0.95821	0.96979	0.96639	0.96759	0.96526
0.96726	0.96838	0.96939	0.95465	0.97142	0.97023	0.96756	0.96729
0.96451	0.97418	0.96931	0.96014	0.97091	0.96181	0.96803	0.97000
0.96860	0.97365	0.96585	0.95411	0.96968	0.96871	0.96919	0.96848
0.96483	0.97150	0.96889	0.95562	0.97019	0.96583	0.96878	0.96467
0.96505	0.97316	0.96897	0.95724	0.96847	0.96945	0.96823	0.97013
0.97120	0.97293	0.96862	0.95437	0.97296	0.96668	0.97005	0.96928
0.96863	0.97454	0.96488	0.96240	0.97115	0.96781	0.96982	0.97225
0.96878	0.97517	0.96536	0.95731	0.97172	0.96893	0.96859	0.97021
0.96755	0.97709	0.96461	0.95633	0.97231	0.97522	0.96839	0.97246
0.96588	0.97256	0.97031	0.96730	0.97301	0.96893	0.96963	0.97235
0.96846	0.97472	0.96379	0.95659	0.97390	0.97937	0.97007	0.96984
0.96848	0.97452	0.96437	0.95367	0.97364	0.97358	0.97014	0.96853
0.96815	0.97671	0.96446	0.94982	0.97202	0.97237	0.97000	0.96904
0.96749	0.97723	0.96653	0.94859	0.97375	0.96691	0.96826	0.96619
0.96901	0.97817	0.96151	0.94744	0.97464	0.97819	0.96857	0.97625
0.96916	0.97919	0.96916	0.95549	0.97546	0.97288	0.96978	0.96996
0.96868	0.97780	0.97198	0.95096	0.97481	0.97189	0.96929	0.96988
0.96927	0.96904	0.97043	0.95678	0.97575	0.96868	0.96978	0.96791
0.96716	0.97618	0.96384	0.95907	0.97282	0.97193	0.97053	0.97124
0.96744	0.97547	0.96456	0.95116	0.97555	0.96718	0.97078	0.96829
0.96782	0.97555	0.96285	0.95749	0.97155	0.97281	0.96828	0.96667
0.97002	0.97538	0.96549	0.95678	0.97545	0.96961	0.96836	0.97201
0.96791	0.97741	0.96692	0.94891	0.97540	0.96899	0.96949	0.97165
0.96927	0.97407	0.96685	0.94389	0.97332	0.97010	0.96936	0.97149
0.96658	0.97794	0.96171	0.94789	0.97544	0.97300	0.97091	0.96817
0.96936	0.97704	0.96456	0.95001	0.97203	0.96612	0.96758	0.96929
0.96818	0.97777	0.96359	0.95084	0.97333	0.97418	0.96924	0.96760
0.96967	0.97838	0.96161	0.95588	0.97279	0.97588	0.96922	0.96665
0.97028	0.97970	0.96000	0.96700	0.97645	0.97116	0.96943	0.96910
0.96918	0.98220	0.95683	0.94320	0.97251	0.97239	0.96885	0.97249
0.97030	0.97963	0.95922	0.95304	0.97189	0.97172	0.96798	0.96999
0.96858	0.97451	0.95828	0.94948	0.97666	0.96620	0.96957	0.97269
0.96953	0.97443	0.96703	0.94189	0.97825	0.96911	0.96820	0.97086
0.96999	0.97789	0.95877	0.94428	0.97359	0.97239	0.96985	0.97092
0.96844	0.97348	0.96063	0.95106	0.97807	0.97156	0.96885	0.96717
0.97162	0.97545	0.96077	0.97052	0.97593	0.97576	0.97084	0.97496
0.96921	0.97402	0.96388	0.95642	0.97599	0.97128	0.96952	0.97181
0.96943	0.97653	0.96126	0.95087	0.97380	0.97441	0.96918	0.97192
0.97000	0.97851	0.96172	0.94658	0.97626	0.97363	0.96935	0.96767
0.97030	0.97724	0.96277	0.94580	0.97448	0.97688	0.96980	0.97251
0.97406	0.97698	0.96142	0.94585	0.97403	0.97248	0.97101	0.97130
0.97237	0.97663	0.96364	0.95435	0.97706	0.97147	0.96957	0.97268
0.97098	0.97592	0.96452	0.95180	0.97652	0.97830	0.96964	0.97386
0.97196	0.98165	0.96353	0.95322	0.97510	0.97002	0.97090	0.97011
0.96920	0.97988	0.95871	0.95350	0.97737	0.97567	0.96992	0.96986
0.97023	0.97715	0.95894	0.96411	0.97420	0.96850	0.96980	0.96852
0.97088	0.98145	0.96023	0.94462	0.97921	0.97522	0.97060	0.97175
0.97275	0.97859	0.96435	0.95327	0.97627	0.97120	0.97096	0.97213
0.97143	0.97555	0.96205	0.94699	0.97457	0.97720	0.97168	0.97102
0.97055	0.97435	0.96083	0.97089	0.97484	0.96960	0.97050	0.97183
0.97038	0.97392	0.95786	0.95463	0.97683	0.96946	0.97258	0.96988
0.97063	0.98126	0.96299	0.95200	0.97665	0.97282	0.97140	0.97007
0.97388	0.97953	0.97086	0.96408	0.97588	0.97100	0.97373	0.97492
0.97421	0.98009	0.97466	0.96579	0.97911	0.97739	0.97399	0.97650
0.97226	0.97702	0.97122	0.97091	0.97742	0.97504	0.97530	0.97919
0.97294	0.97616	0.97544	0.96565	0.97540	0.97412	0.97473	0.97743
0.97499	0.97680	0.97442	0.96897	0.98088	0.97146	0.97667	0.97679
0.97249	0.97720	0.97413	0.96660	0.97723	0.97268	0.97665	0.97661
0.97242	0.97628	0.97385	0.96883	0.98016	0.97063	0.97633	0.97538
0.97391	0.98095	0.97938	0.97139	0.97944	0.97069	0.97580	0.97791
0.97444	0.97891	0.97687	0.97237	0.97893	0.97044	0.97664	0.97556
0.97187	0.98025	0.97549	0.97164	0.98043	0.98403	0.97665	0.97541
0.97283	0.98231	0.97768	0.97257	0.98119	0.97311	0.97613	0.97848
0.97465	0.97921	0.97493	0.98327	0.98117	0.97099	0.97569	0.97288
0.97535	0.98075	0.97416	0.97865	0.98141	0.96822	0.97697	0.97563
0.97459	0.98160	0.97297	0.97142	0.98183	0.96712	0.97518	0.97427
0.97154	0.97967	0.97623	0.97011	0.97917	0.97532	0.97497	0.97624
0.97107	0.98085	0.97337	0.96960	0.97965	0.97521	0.97613	0.97471
0.97197	0.98192	0.97758	0.97266	0.97822	0.96948	0.97456	0.97743
0.97170	0.97740	0.97564	0.97589	0.98052	0.98004	0.97574	0.97507
0.97199	0.98423	0.97580	0.97075	0.98113	0.96712	0.97550	0.97620
0.97661	0.98024	0.97586	0.97053	0.98075	0.97938	0.97553	0.98085
0.97240	0.98039	0.97809	0.97838	0.98232	0.97162	0.97710	0.98048
0.97200	0.97871	0.97580	0.97460	0.98023	0.97078	0.97442	0.97802
0.97190	0.97981	0.97228	0.97777	0.97937	0.97467	0.97515	0.97705
0.97177	0.98236	0.97496	0.95858	0.98287	0.97547	0.97482	0.97574
0.97358	0.98315	0.97973	0.97714	0.98138	0.97411	0.97620	0.98083
0.97278	0.98084	0.97807	0.96985	0.98260	0.97130	0.97613	0.97853
0.97246	0.98148	0.97817	0.96998	0.98315	0.97345	0.97547	0.97788
0.97387	0.98369	0.97842	0.98012	0.98379	0.97857	0.97699	0.97688
